68.5672 102.95 -828.054
33.9641 87.3425 -871.486
-1.73622 86.9261 -916.374
-39.1636 82.7897 -971.879
-106.641 71.6682 -1009.45
-168.519 61.2173 -1035.56
-234.079 60.1893 -1043.89
-296.427 58.9924 -1022.24
-315.666 64.3925 -970.189
-335.154 70.3579 -925.367
-336.085 73.4678 -884.42
-338.781 76.5188 -850.83
-348.288 81.6009 -815.072
-358.238 104.036 -773.799
-380.999 128.802 -749.598
-410.606 150.34 -732.73
-421.665 157.96 -721.83
-435.997 160.656 -705.528
-448.603 155.501 -679.427
-461.435 143.034 -650.712
-474.704 135.913 -617.466
-490.366 142.832 -583
-505.97 154.329 -555.257
-527.136 159.266 -528.036
-558.315 147.273 -507.328
-589.066 135.995 -500.106
-614.31 135.155 -499.567
-637.951 142.738 -499.199
-669.633 157.606 -498.576
-691.445 165.844 -491.519
-718.442 162.527 -480.385
-718.318 154.548 -455.329
-711.393 138.953 -416.388
-695.704 130.11 -377.172
-683.949 126.128 -337.483
-669.814 134.524 -306.491
-658.454 144.579 -277.625
-639.574 161.533 -249.792
-628.836 169.794 -225.466
-611.32 178.449 -196.836
-598.083 180.545 -154.287
-569.452 179.909 -120.708
-555.003 176.028 -84.2509
-547.834 170.453 -38.9103
-548.944 163.482 9.27186
-558.166 154.714 42.8436
-554.004 141.773 84.1048
-550.877 123.51 133.407
-545.943 111.387 175.565
-540.866 115.15 209.897
-523.012 126.464 248.31
-499.976 137.45 289.899
-471.238 144.516 315.441
-432.012 153.686 344.08
-403.549 162.701 366.769
-374.374 175.468 390.967
-343.93 192.515 419.788
-323.68 205.095 446.486
-312.979 211.008 484.079
-288.913 226.531 536.849
-265.519 236.54 562.728
-237.38 239.606 594.237
-208.018 238.346 613.816
-172.93 231.783 637.644
-137.365 226.601 654.84
-102.352 222.382 661.976
-66.5642 217.721 662.464
-27.4869 220.054 663.127
10.4717 228.678 672.394
49.5556 234.467 686.885
85.3717 228.717 701.033
129.639 207.89 704.493
187.265 171.237 697.448
223.27 143.085 715.867
250.533 130.319 733.249
258.688 118.012 754.43
259.444 105.685 787.729
265.353 106.296 821.126
276.83 113.096 855.407
307.618 111.013 875.137
340.256 107.514 878.313
373.817 110.461 873.315
415.783 114.43 860.689
471.179 102.46 836.285
511.169 99.3272 817.992
548.292 108.02 795.529
587.358 101.005 761.642
629.745 72.3712 723.757
655.042 68.3294 693.258
667.5 76.4186 665.362
685.929 88.4519 632.17
709.714 92.8382 600.811
739.049 92.8657 577.105
767.821 103.634 553.832
789.514 116.322 529.898
807.402 120.838 491.01
839.883 87.778 416.831
863.295 87.9598 369.638
881.894 103.639 334.16
925.208 107.831 282.917
971.834 104.425 233.37
997.064 105.165 189.895
996.345 106.004 156.373
990.098 107.029 110.732
974.406 116.366 74.3253
957.093 127.568 43.4136
936.938 137.793 11.3754
906.488 153.191 -1.26225
864.596 157.716 -20.3574
821.759 148.056 -42.9172
780.16 146.219 -58.7867
748.134 158.543 -79.2093
710.624 186.395 -118.961
684.526 205.982 -148.589
654.715 221.175 -175.732
629.116 223.804 -203.332
597.28 219.568 -233.804
554.634 205.049 -282.192
531.543 195.347 -318.506
507.496 190.441 -361.933
492.139 189.884 -405.095
467.218 197.316 -427.122
438.456 203.15 -445.332
414.334 203.543 -460.872
380.382 196.611 -480.154
343.21 177.571 -516.948
312.036 160.602 -544.822
281.456 147.506 -560.338
235.762 134.276 -581.486
227.583 153.016 -637.078
218.139 167.89 -675.134
207.263 175.053 -699.581
190.755 178.216 -729.431
163.554 170.669 -759.021
123.287 144.426 -785.447
